1000 5674
2000 8584
3000 14086
4000 17928
5000 23362
6000 31987
7000 31243
8000 38711
9000 41850
10000 35503
11000 38540
12000 40950
13000 45529
14000 48377
15000 51310
16000 54903
17000 57086
18000 61427
19000 67567
20000 68197
21000 78770
22000 73668
23000 82084
24000 81560
25000 85704
26000 85462
27000 88900
28000 97053
29000 97648
30000 98880
31000 104046
32000 105636
33000 108700
34000 115134
35000 118393
36000 118423
37000 122999
38000 124632
39000 129907
40000 135214
41000 133564
42000 142819
43000 157283
44000 147658
45000 149681
46000 174161
47000 157081
48000 189781
49000 170792
50000 165643

