1000 9
2000 23
3000 32
4000 40
5000 49
6000 57
7000 57
8000 74
9000 76
10000 75
11000 90
12000 92
13000 113
14000 117
15000 123
16000 138
17000 136
18000 145
19000 139
20000 173
21000 165
22000 166
23000 161
24000 184
25000 170
26000 198
27000 210
28000 196
29000 219
30000 204
31000 202
32000 221
33000 244
34000 237
35000 259
36000 253
37000 294
38000 252
39000 353
40000 304
41000 320
42000 291
43000 627
44000 680
45000 711
46000 541
47000 353
48000 433
49000 778
50000 380
51000 475
52000 453
53000 415
54000 472
55000 434
56000 423
57000 459
58000 448
59000 485
60000 474
61000 517
62000 491
63000 556
64000 1001
65000 1007
66000 990
67000 509
68000 524
69000 569
70000 595
71000 533
72000 571
73000 626
74000 739
75000 664
76000 588
77000 659
78000 604
79000 687
80000 686
81000 771
82000 778
83000 749
84000 855
85000 758
86000 773
87000 750
88000 767
89000 756
90000 786
91000 829
92000 813
93000 926
94000 868
95000 973
96000 826
97000 1583
98000 854
99000 971
100000 972
