
1000 0
2000 1
3000 2
4000 1
5000 3
6000 6
7000 2
8000 3
9000 3
10000 2
11000 3
12000 4
13000 4
14000 5
15000 7
16000 5
17000 8
18000 6
19000 11
20000 10
21000 9
22000 9
23000 15
24000 14
25000 11
26000 16
27000 18
28000 16
29000 15
30000 15
31000 15
32000 16
33000 18
34000 25
35000 19
36000 26
37000 23
38000 24
39000 30
40000 36
41000 28
42000 38
43000 44
44000 59
45000 76
46000 47
47000 44
48000 49
49000 79
50000 34
51000 52
52000 43
53000 47
54000 52
55000 63
56000 43
57000 50
58000 44
59000 59
60000 50
61000 68
62000 64
63000 73
64000 78
65000 87
66000 84
67000 85
68000 53
69000 73
70000 65
71000 71
72000 62
73000 79
74000 92
75000 86
76000 71
77000 76
78000 65
79000 83
80000 97
81000 95
82000 106
83000 102
84000 106
85000 115
86000 82
87000 90
88000 96
89000 104
90000 109
91000 113
92000 118
93000 113
94000 122
95000 117
96000 109
97000 133
98000 123
99000 125
100000 137
