1000 332
2000 855
3000 1323
4000 1941
5000 2875
6000 4477
7000 7158
8000 8298
9000 8485
10000 13728
11000 17239
12000 20500
13000 22471
14000 29416
15000 28843
16000 36547
17000 33001
18000 35605
19000 39919
20000 43802
21000 47585
22000 52188
23000 58925
24000 62872
25000 68588
26000 77589
27000 82891
28000 89153
29000 93709
30000 103067
31000 109631
32000 117934
33000 123918
34000 135611
35000 144861
36000 148877
37000 159165
38000 185791
39000 222375
40000 194944
41000 239919
42000 228193
43000 292227
44000 257369
45000 271668
46000 286798
47000 288176
48000 302360
49000 303469
50000 269394
