1000 348
2000 890
3000 1434
4000 2073
5000 3026
6000 4349
7000 7636
8000 9031
9000 9341
10000 14147
11000 18241
12000 20946
13000 24431
14000 31174
15000 30797
16000 37425
17000 36697
18000 37639
19000 41936
20000 45407
21000 50518
22000 55897
23000 61700
24000 65343
25000 73846
26000 83172
27000 86618
28000 92586
29000 99412
30000 106251
31000 113659
32000 121788
33000 131382
34000 136948
35000 149281
36000 153576
37000 160091
38000 181090
39000 213847
40000 209275
41000 234657
42000 214948
43000 281916
44000 270636
45000 270760
46000 294414
47000 285297
48000 302824
49000 305104
50000 272723
