1000 4778
2000 7866
3000 17045
4000 16470
5000 22296
6000 29991
7000 32332
8000 38367
9000 37638
10000 35637
11000 38309
12000 41224
13000 45368
14000 48977
15000 52216
16000 53874
17000 59250
18000 62594
19000 65018
20000 69304
21000 74626
22000 75762
23000 79508
24000 83245
25000 88047
26000 88231
27000 94395
28000 96212
29000 99781
30000 101757
31000 107318
32000 108416
33000 112591
34000 118217
35000 119327
36000 124188
37000 125115
38000 129551
39000 136518
40000 138556
41000 140791
42000 143978
43000 154174
44000 154888
45000 155345
46000 172179
47000 162041
48000 194050
49000 173588
50000 176011

